0000000000000000
0000000000000000
0000000000000001
0000000000000000
0000000000001101
0000000000100101
0000000000010110
0000000000001101
0000000000100100
0000000000101000
0000000000001100
0000000000101010
0000000000001000
0000000000101000
0000000000000011
0000000000010110
0000000000000010
0000000000101000
0000000000000111
0000000000101001
0000000000000110
0000000000101010
0000000000000001
0000000000100010
0000000000001000
0000000000101001
0000000000001101
0000000000101000
0000000000010110
0000000000001101
0000000000101001
0000000000101000
0000000000000000
0000000000001010
0000000000001000
0000000000101010
0000000000001011
0000000000000000
0000000000000001